,26,6,14,31,11,29, ABIDOS
,27,25,4,35,10,28, earth
,1,35,4,31,15,30,32, extragalactic earth
,21,22,5,11,20,27, the beyond
e the nether
,20,10,26,5,18,3, voidscape
,10,9,6,28,21,35, the Aether
,34,14,25,35,17,33, the other
,8,16,7,25,19,30, twilight forest
,25,34,29,30,5,15, marble
,18,6,22,20,13,17, dungeon
,23,11,21,10,26,31, otherside
,25,5,32,35,23,2, lostcity
,1,25,35,12,4,11,13, tf galactic
lanteaAddress = {18,20,1,15,14,7,19}
gippleapple = 33,16,25,7,23,9,34,4,0
main TF = 25,2,24,19,9,6,1,11
MYST AND AJ = 11,13,2,34,25,3,28,1,0

11,22,18,9,34,21,14,23,0 =chulak 9
3,14,31,23,17,33,26,28,0 = glacio 9
,33,18,28,15,22,16,9,13, = moon
,6,8,25,28,33,12,30,35, = mars
,34,17,21,6,15,27,5,30, = venus
,23,4,18,5,31,1,2,22, = mercury